../../.git/annex/objects/fm/Q5/MD5E-s209920--1bb588c479adc9a05039f383d00ad34a.tsv/MD5E-s209920--1bb588c479adc9a05039f383d00ad34a.tsv